3 2 0.39438327917829397
5 2 0.10906118311254717
5 3 0.3740341135891241
7 2 0.40480989913336646
7 3 0.34731632345377705
7 5 0.09201875043961266
8 2 0.5114348493025495
8 3 0.6772653091071641
8 5 0.4225603252393856
8 7 0.3904395915195106
10 2 0.42992567225268397
10 3 0.461547184460122
10 5 0.17861433071573735
10 7 0.3725207248153063
10 8 0.4174368662492147
11 2 0.49307909470149924
11 3 0.4290092819047203
11 5 0.12766871631192347
11 7 0.4001612675602218
11 8 0.4745682345091081
11 10 0.4392210735899117
13 2 0.38904263044714726
13 3 0.394600761168881
13 5 0.12841565125192247
13 7 0.4269064922672989
13 8 0.3933372800544396
13 10 0.44375159770902084
13 11 0.4147462001049591
14 2 0.2801549637973185
14 3 0.19556574825991896
14 5 0.37006289097559597
14 7 0.09347086873169422
14 8 0.3498468514603811
14 10 0.20281248836738436
14 11 0.25156611646063726
14 13 0.10516093348488366
15 2 0.3891578432205993
15 3 0.3834146462518913
15 5 0.09434320176732708
15 7 0.3485953122330138
15 8 0.4213243169844465
15 10 0.37037370443465706
15 11 0.4329244366630308
15 13 0.6626123418195506
15 14 0.19154715918705276
16 2 0.4078181940711988
16 3 0.3795588536511488
16 5 0.08777277529017076
16 7 0.3929219085764474
16 8 0.3877998187788816
16 10 0.6457567629220318
16 11 0.42132895299071194
16 13 0.5179478164805308
16 14 0.14600290290716306
16 15 0.5506857267002531
17 2 0.529760765824163
17 3 0.3498156642563639
17 5 0.21468533362120923
17 7 0.38504235301717127
17 8 0.5440750542389043
17 10 0.40249734057600595
17 11 0.4498896097907934
17 13 0.41465539264349743
17 14 0.5892880885974707
17 15 0.37044619062257267
17 16 0.3662850283277681
18 2 0.41895613073625826
18 3 0.4127405134146702
18 5 0.12898550677042706
18 7 0.442365252593345
18 8 0.42512621948621165
18 10 0.4734459895404022
18 11 0.4654037792072967
18 13 0.7623740600800214
18 14 0.14000406018475453
18 15 0.6843247710018393
18 16 0.6356844929159453
18 17 0.3658851399351092
19 2 0.33764590089317476
19 3 0.34020816660128295
19 5 0.3949315473054663
19 7 0.10564441734060655
19 8 0.5030694422230744
19 10 0.12327576768682068
19 11 0.1676367811454635
19 13 0.09295669565626814
19 14 0.2761468106982572
19 15 0.09002913169306459
19 16 0.0850685254956492
19 17 0.37997516999531833
19 18 0.0921550497713299
21 2 0.40480989913336646
21 3 0.34731632345377705
21 5 0.09201875043961266
21 7 0.7499999999999999
21 8 0.3904395915195106
21 10 0.3725207248153063
21 11 0.4239707913697456
21 13 0.625736901624024
21 14 0.09347086873169422
21 15 0.6343095979472995
21 16 0.3727980695671595
21 17 0.38504235301717127
21 18 0.6319485859266784
21 19 0.10564441734060655
23 2 0.19987950306583405
23 3 0.45612999497058165
23 5 0.4079973136355688
23 7 0.14133890796395593
23 8 0.5230629231313737
23 10 0.21448766099733924
23 11 0.20930251649655712
23 13 0.1610501444566714
23 14 0.2644183793286099
23 15 0.23180483723364537
23 16 0.20942790133904413
23 17 0.20157112761165163
23 18 0.1574605729835431
23 19 0.40057916695304424
23 21 0.14133890796395593
25 2 0.5203688838447893
25 3 0.32097205013925445
25 5 0.13961782939453787
25 7 0.642864122587705
25 8 0.4137683212628863
25 10 0.4711591952817656
25 11 0.4037433583728363
25 13 0.3936367456242076
25 14 0.16376188140202605
25 15 0.36568605662583464
25 16 0.3694141060835256
25 17 0.5202992554707699
25 18 0.3719737713290656
25 19 0.20417779273560793
25 21 0.392864122587705
25 23 0.13408095014571902
27 2 0.46040570007145476
27 3 0.38902864925387687
27 5 0.11759738455404432
27 7 0.3953461669354481
27 8 0.4567204501592196
27 10 0.41021386764554246
27 11 0.4649203530812288
27 13 0.7114559396296449
27 14 0.16003550342536244
27 15 0.6929330861305003
27 16 0.4522421430664938
27 17 0.42977742969792254
27 18 0.685543215526736
27 19 0.1556964836878327
27 21 0.6453461669354481
27 23 0.25608064010224213
27 25 0.4166873568519264
28 2 0.3293531257279744
28 3 0.1670929059555466
28 5 0.12970921351571596
28 7 0.10918229735564464
28 8 0.20506709530841977
28 10 0.23068619076195676
28 11 0.211418067030117
28 13 0.37892279475082213
28 14 0.2689848683068712
28 15 0.3419317419946519
28 16 0.08088879319587873
28 17 0.25514665959361177
28 18 0.36463862498641486
28 19 0.31301843749209685
28 21 0.35918229735564466
28 23 0.18962651571513855
28 25 0.20551580405768285
28 27 0.37766759516059645
32 2 0.5448553862030305
32 3 0.5214806731960617
32 5 0.1457135219050469
32 7 0.3438390478167093
32 8 0.45989651774337414
32 10 0.7798785982936502
32 11 0.4447626881170471
32 13 0.39228187268968173
32 14 0.282105512946932
32 15 0.37007928879736995
32 16 0.6249768965714975
32 17 0.48988004728551354
32 18 0.4003638522707472
32 19 0.26788073029351317
32 21 0.3438390478167093
32 23 0.20715245392781884
32 25 0.41745801904732727
32 27 0.39191592745033954
32 28 0.3144776392673377
35 2 0.15678798587295312
35 3 0.234803842629756
35 5 0.15580308859810976
35 7 0.1638778354832061
35 8 0.21349401494369108
35 10 0.4366413106109165
35 11 0.22376908305879095
35 13 0.15313295884763883
35 14 0.4013177237339121
35 15 0.1990566018129373
35 16 0.3847267925585878
35 17 0.19807212143790845
35 18 0.1998870154185049
35 19 0.12950383634897825
35 21 0.1638778354832061
35 23 0.22194112651468176
35 25 0.15381429597788238
35 27 0.18285804532606886
35 28 0.149762237222751
35 32 0.4642196936371328
37 2 0.42680039768236705
37 3 0.42004748198201713
37 5 0.14747525043547421
37 7 0.3841159271505498
37 8 0.46711668017011476
37 10 0.4258779829204137
37 11 0.4542718006215285
37 13 0.5137808912069463
37 14 0.16068492088518135
37 15 0.5547814391349727
37 16 0.5942338952659474
37 17 0.4080756124090644
37 18 0.4807999511374571
37 19 0.11878738919549549
37 21 0.3880841811188038
37 23 0.24140525393020196
37 25 0.40346517606670224
37 27 0.5222955760519121
37 28 0.12003317561045054
37 32 0.3834445024772614
37 35 0.19902802508790884
44 2 0.42150929544209714
44 3 0.4247354921360202
44 5 0.15516865071747982
44 7 0.3483634681389099
44 8 0.43308472875882276
44 10 0.42205837895290166
44 11 0.460282594624878
44 13 0.7033038238312114
44 14 0.17152023248898327
44 15 0.6721558566426336
44 16 0.44159645449747625
44 17 0.4167008247296605
44 18 0.7355319590853637
44 19 0.10450600176615361
44 21 0.6296134681389098
44 23 0.149162318907259
44 25 0.3641380329148427
44 27 0.7141223206490727
44 28 0.38188106206626415
44 32 0.4771804319262396
44 35 0.1967533862151141
44 37 0.45030913478438084
45 2 0.1572025467619491
45 3 0.10892484636398604
45 5 0.13598574563345595
45 7 0.1584361727333582
45 8 0.1714567558409324
45 10 0.18366240914665727
45 11 0.18417926295188816
45 13 0.2005445812794842
45 14 0.16709300508902958
45 15 0.1634397167447454
45 16 0.23461847465961305
45 17 0.16289101687130192
45 18 0.19556004570063382
45 19 0.11950005719615141
45 21 0.191264455561641
45 23 0.1682321203365039
45 25 0.14071454547464718
45 27 0.22089552556917322
45 28 0.113436278640268
45 32 0.12915942048011742
45 35 0.17871463034683271
45 37 0.4621338141081943
45 44 0.1797665691528335
53 2 0.4447018633512487
53 3 0.40196371635810374
53 5 0.15227465266688547
53 7 0.3501728771516557
53 8 0.4756548360491234
53 10 0.4486549017858603
53 11 0.46355130501344316
53 13 0.5202689967805192
53 14 0.1848025073188146
53 15 0.5084434705265166
53 16 0.5586683690747061
53 17 0.4443274283298333
53 18 0.5063799054303817
53 19 0.1381807160420215
53 21 0.383506210484989
53 23 0.24027816227575716
53 25 0.42915109548430586
53 27 0.5167686283192925
53 28 0.15136989631738113
53 32 0.4310663818686325
53 35 0.2519674844714424
53 37 0.8366731827616785
53 44 0.49907311757805906
53 45 0.4635723857659774
60 2 0.37735303320062297
60 3 0.36003529034395065
60 5 0.14017582849692337
60 7 0.3405181643114054
60 8 0.4285765515769605
60 10 0.38989995700619307
60 11 0.38411745748022336
60 13 0.4038738718261029
60 14 0.1779060127648584
60 15 0.4029581823114876
60 16 0.38635343571089686
60 17 0.4504693703154437
60 18 0.3882982356877841
60 19 0.12978099398353782
60 21 0.3405181643114054
60 23 0.17689232987321024
60 25 0.44015907080801037
60 27 0.41889525897927404
60 28 0.12339701157032723
60 32 0.3755696262189853
60 35 0.19682067366502481
60 37 0.6907224860180234
60 44 0.4030489502443165
60 45 0.43357963920308135
60 53 0.7190438378775396
63 2 0.20318935004883035
63 3 0.18814176610443517
63 5 0.1017597257773908
63 7 0.13659415788248566
63 8 0.22391306612584183
63 10 0.1616764609791916
63 11 0.218522302047352
63 13 0.18634134604510041
63 14 0.19055279834688627
63 15 0.24056054426552392
63 16 0.2008225398902656
63 17 0.1609707386895461
63 18 0.2733675408573663
63 19 0.12500265634929694
63 21 0.16600592258836802
63 23 0.28086449715966766
63 25 0.13573768060330738
63 27 0.27359919825033957
63 28 0.12334748144484492
63 32 0.18803757849623096
63 35 0.21314139610538385
63 37 0.22122756065813276
63 44 0.21801130360107995
63 45 0.2046295270299906
63 53 0.2730603069193901
63 60 0.1788619003076559
65 2 0.42469905272195074
65 3 0.39972396035458846
65 5 0.10524955559841072
65 7 0.34328603688126236
65 8 0.42443806443674686
65 10 0.4849350788330653
65 11 0.4358740224070149
65 13 0.39776917810653656
65 14 0.2481258633599571
65 15 0.5438661187234707
65 16 0.4709299627790743
65 17 0.3895132383005862
65 18 0.41162050182170434
65 19 0.11082504311036054
65 21 0.34328603688126236
65 23 0.25622429203158303
65 25 0.37807247802853894
65 27 0.44385890551263074
65 28 0.12297167549954303
65 32 0.428279378688092
65 35 0.2750854107209482
65 37 0.48311107946299847
65 44 0.40884827760266984
65 45 0.19607566043691255
65 53 0.500820912057465
65 60 0.44535724398463516
65 63 0.20562404545042612
67 2 0.3909478533271523
67 3 0.3890274100803506
67 5 0.10268086250087442
67 7 0.35339108656409235
67 8 0.43310364477205243
67 10 0.39229799546334493
67 11 0.4507769494043973
67 13 0.41261714817834705
67 14 0.1839544081858185
67 15 0.5972121432713937
67 16 0.4974456203448795
67 17 0.38189257905063834
67 18 0.4265695381500799
67 19 0.09833019277485161
67 21 0.38464108656409235
67 23 0.27245198669755544
67 25 0.362556194257594
67 27 0.451323659492913
67 28 0.10785143956688495
67 32 0.3782027126192144
67 35 0.2549203833712876
67 37 0.5530308266432798
67 44 0.42698079852629245
67 45 0.21196278410234326
67 53 0.5240399895194788
67 60 0.42473828095464305
67 63 0.2835155696593745
67 65 0.748834737776056
71 2 0.3852642860967655
71 3 0.4041742392407278
71 5 0.1356603673924224
71 7 0.3278404577941632
71 8 0.4435371600043657
71 10 0.41110387111902674
71 11 0.4137054260120587
71 13 0.3801887036963728
71 14 0.16431164758224787
71 15 0.4868087726128963
71 16 0.41871666153285725
71 17 0.4238657632515702
71 18 0.4078172655957645
71 19 0.10924543046704384
71 21 0.3278404577941632
71 23 0.20957998356576027
71 25 0.36140224514670627
71 27 0.43526971238808126
71 28 0.11362753259035877
71 32 0.4089222896241047
71 35 0.20518476824099263
71 37 0.7208664884654767
71 44 0.40726213374630205
71 45 0.39906616859279676
71 53 0.709528664382948
71 60 0.6941263765919421
71 63 0.14671352416224281
71 65 0.4374257608909907
71 67 0.43941696778523703
75 2 0.5624471342581265
75 3 0.3640755040114063
75 5 0.10490500821227848
75 7 0.3733916520006882
75 8 0.4334091619184496
75 10 0.416055417651916
75 11 0.4688776359287732
75 13 0.40353997827009236
75 14 0.20469176901444563
75 15 0.37787513363157227
75 16 0.3982364954236635
75 17 0.4843608928279922
75 18 0.40614934268167324
75 19 0.2535831756685882
75 21 0.40280341670657055
75 23 0.14801972032607869
75 25 0.46310754465005965
75 27 0.4044630370907256
75 28 0.4023943673904772
75 32 0.49647873246359353
75 35 0.1408669391041844
75 37 0.4101297655165089
75 44 0.42873239182952533
75 45 0.15407414687869933
75 53 0.46306980358307004
75 60 0.37590140310870035
75 63 0.20372253587128494
75 65 0.6331551622959602
75 67 0.6528805469892491
75 71 0.36131173455538546
81 2 0.14361057713633543
81 3 0.17392001238828142
81 5 0.14290712710657866
81 7 0.07198818988977809
81 8 0.1422134156513719
81 10 0.1499348061337354
81 11 0.16100752432083543
81 13 0.34291455530465537
81 14 0.13176584452052498
81 15 0.3657606320968623
81 16 0.10084378512221451
81 17 0.10073382825849518
81 18 0.46838508205842344
81 19 0.10835702074914585
81 21 0.32198818988977806
81 23 0.12219082236323403
81 25 0.12064182220570724
81 27 0.40320906774958515
81 28 0.35248467789241367
81 32 0.15054648607844867
81 35 0.1703614514684736
81 37 0.13082161675031306
81 44 0.43426490662714917
81 45 0.12892142421324412
81 53 0.15628196614100812
81 60 0.14032065906297214
81 63 0.21395252842519588
81 65 0.1381673279681052
81 67 0.12337099561300986
81 71 0.1438542382428787
81 75 0.12119574969236142
84 2 0.23103022982732016
84 3 0.15479599959467508
84 5 0.1431663596272312
84 7 0.24903094378961993
84 8 0.25344091298852484
84 10 0.159167678231676
84 11 0.19456886428903122
84 13 0.14050742573146696
84 14 0.22187069325994863
84 15 0.1539672568511723
84 16 0.13023785297908586
84 17 0.22277019277650267
84 18 0.14904449575314194
84 19 0.18477910258335364
84 21 0.24903094378961993
84 23 0.2371012945561783
84 25 0.27079726334563026
84 27 0.24315111509147802
84 28 0.21178571589343934
84 32 0.19592452989549355
84 35 0.23244602440641066
84 37 0.4366803861342681
84 44 0.1522821374982489
84 45 0.40267272104360324
84 53 0.4811275646301396
84 60 0.5107288399482545
84 63 0.1811530731702891
84 65 0.1575132690995821
84 67 0.16708501726933264
84 71 0.4207343795643882
84 75 0.160432422887332
84 81 0.16629998903761117
86 2 0.17383266731945837
86 3 0.07248725782804064
86 5 0.08153605760738347
86 7 0.1777998363344577
86 8 0.16575443719765323
86 10 0.10899989029333877
86 11 0.18993351570559375
86 13 0.21043543300050402
86 14 0.12696749994933082
86 15 0.18313392799005215
86 16 0.24271492952882437
86 17 0.19174877860422007
86 18 0.1698224986185552
86 19 0.13783078996932854
86 21 0.18221160104034007
86 23 0.24759372485914488
86 25 0.17946786330641462
86 27 0.3150327627419284
86 28 0.10817180768226405
86 32 0.1303399221820591
86 35 0.08574353432542738
86 37 0.45624148572670514
86 44 0.12520662597324722
86 45 0.4839739917001635
86 53 0.4620125955079533
86 60 0.40823140981226347
86 63 0.3325185063477427
86 65 0.14471810843594643
86 67 0.18552438900063772
86 71 0.34904644824034664
86 75 0.15930547088527872
86 81 0.07546132984214125
86 84 0.45226977161744547
94 2 0.1933463812529389
94 3 0.17433615074673553
94 5 0.39756146895231825
94 7 0.15633170022299575
94 8 0.25298605624396286
94 10 0.1448839770423914
94 11 0.2025285369643406
94 13 0.11692185417299877
94 14 0.21557255032065525
94 15 0.14310085968056485
94 16 0.12225991270957805
94 17 0.22328747049278388
94 18 0.15517717330507663
94 19 0.20495691652921277
94 21 0.15633170022299575
94 23 0.217070042855743
94 25 0.16440029248951968
94 27 0.2188492848252332
94 28 0.18193709321498583
94 32 0.20974349868261524
94 35 0.1902674488123617
94 37 0.40234000816676363
94 44 0.1807371136202967
94 45 0.4211848835931473
94 53 0.4329655126144187
94 60 0.4328873152082322
94 63 0.20253600908860878
94 65 0.16674980289830477
94 67 0.16408332268498577
94 71 0.41952771654784643
94 75 0.17561006987205796
94 81 0.1916493242896225
94 84 0.5124862256249874
94 86 0.42269982435777503
97 2 0.34522169309587214
97 3 0.13186817307512416
97 5 0.1281452035734139
97 7 0.09248105625079694
97 8 0.20543918039139197
97 10 0.17022837554466153
97 11 0.20141614612899517
97 13 0.171676373761671
97 14 0.29190798636384707
97 15 0.24529056467942575
97 16 0.22155234164381685
97 17 0.26064505982567515
97 18 0.19909342732326357
97 19 0.2891042383017556
97 21 0.16940413317387387
97 23 0.16306494786168457
97 25 0.30160567410346084
97 27 0.18387142585113242
97 28 0.2658318062796835
97 32 0.2539044241032742
97 35 0.2309547890964772
97 37 0.22798842829708002
97 44 0.19396818684433864
97 45 0.2428809768772418
97 53 0.32868579660024233
97 60 0.17651490671466827
97 63 0.2447833405291363
97 65 0.4586487868757206
97 67 0.5254921141833213
97 71 0.133581679452487
97 75 0.5632353662132665
97 81 0.12762357767544144
97 84 0.19751943984705306
97 86 0.184065570305686
97 94 0.18621984645587333
114 2 0.18311273801423225
114 3 0.1864004035966228
114 5 0.1483749547829078
114 7 0.10260713704416584
114 8 0.23711164643602628
114 10 0.16748570807885835
114 11 0.16914307760305441
114 13 0.18241294238346037
114 14 0.21156608762675988
114 15 0.20706680290480092
114 16 0.2277631024776015
114 17 0.24036702975719085
114 18 0.20190216818656032
114 19 0.15003697032886298
114 21 0.10260713704416584
114 23 0.27880494469034556
114 25 0.15454517591392888
114 27 0.25577884538883283
114 28 0.17926161532795598
114 32 0.18087846889343878
114 35 0.230447313350995
114 37 0.5448417253222047
114 44 0.17971258889587413
114 45 0.4329304369367447
114 53 0.5999397225200516
114 60 0.5146562554179895
114 63 0.20478326420170792
114 65 0.2297075856819322
114 67 0.21148481106758232
114 71 0.5270868728642499
114 75 0.139978193266966
114 81 0.15506122487369145
114 84 0.7704292964223649
114 86 0.44635758765993955
114 94 0.46088433411034785
114 97 0.21140336912826432
118 2 0.1730767310410065
118 3 0.3028628589208241
118 5 0.1684592933518717
118 7 0.10500225785654957
118 8 0.19729580668900853
118 10 0.2904772599241126
118 11 0.16947626786869924
118 13 0.1892383347998836
118 14 0.25499289894563615
118 15 0.15341121295111895
118 16 0.21733016040004371
118 17 0.1980292213333248
118 18 0.3257517537091055
118 19 0.1256709937480407
118 21 0.07559049315066721
118 23 0.24196596737498052
118 25 0.14728809293647493
118 27 0.15568796920502218
118 28 0.1974326462783003
118 32 0.2928092406225917
118 35 0.25737621552321693
118 37 0.426607482513813
118 44 0.21539948979616455
118 45 0.4176756482403546
118 53 0.47066972692699555
118 60 0.41428088172949795
118 63 0.23403730577296078
118 65 0.19907581377522135
118 67 0.13529713158880016
118 71 0.47182699248703786
118 75 0.14638571475275247
118 81 0.2075041070871288
118 84 0.6860899516829333
118 86 0.38616386230623123
118 94 0.4517648668768466
118 97 0.18802022426522857
118 114 0.7311802476215601
121 2 0.15198509188255377
121 3 0.14237088000386744
121 5 0.09077166581605359
121 7 0.0664154724220667
121 8 0.14864696102664032
121 10 0.12677289496227767
121 11 0.15141682962907815
121 13 0.12254943735253934
121 14 0.14112284096552394
121 15 0.16048219403065803
121 16 0.1850656185180671
121 17 0.13202678470881324
121 18 0.17653490063381827
121 19 0.11611813652837101
121 21 0.0976654724220667
121 23 0.1396698928168758
121 25 0.09781288616968403
121 27 0.134093470761663
121 28 0.09987218041453638
121 32 0.1493246430978707
121 35 0.12537471343327034
121 37 0.413477922867059
121 44 0.16883425713621322
121 45 0.3904110741287637
121 53 0.44077727238439335
121 60 0.4270790036180909
121 63 0.16715714427599432
121 65 0.15420346711685737
121 67 0.16208871690883112
121 71 0.3739992159315516
121 75 0.13393601948920164
121 81 0.12482605002620763
121 84 0.3739525120531634
121 86 0.6194792262326654
121 94 0.39290587889794637
121 97 0.23124955751510648
121 114 0.4005545251916707
121 118 0.4169036324987979
124 2 0.42169706192572914
124 3 0.40554758400846613
124 5 0.15588014509531953
124 7 0.3428861208921744
124 8 0.45267002712290827
124 10 0.46567327314408785
124 11 0.4413436406722844
124 13 0.4323789419780183
124 14 0.2048483827067702
124 15 0.4491672461413483
124 16 0.47311462348242256
124 17 0.41742478997889654
124 18 0.48858939571123855
124 19 0.12630205091563204
124 21 0.40955278755884106
124 23 0.21838504592561087
124 25 0.39797379864847804
124 27 0.4648507955208251
124 28 0.138292430002479
124 32 0.4226737414775623
124 35 0.16772690055241113
124 37 0.501730041785953
124 44 0.46627885585255024
124 45 0.2428245619663043
124 53 0.5312621617486566
124 60 0.5796278731025293
124 63 0.2239695881239131
124 65 0.43863803601153994
124 67 0.44928836454156174
124 71 0.42205450581012677
124 75 0.40335388213094153
124 81 0.17494848263689533
124 84 0.16485180410608982
124 86 0.1817360980811209
124 94 0.1772610845223972
124 97 0.2760489221079192
124 114 0.24644390334630562
124 118 0.23781356861780534
124 121 0.25248642426507834
125 2 0.34480296714456454
125 3 0.3397118455231103
125 5 0.10083158535134074
125 7 0.32055755477682557
125 8 0.366848169238913
125 10 0.37040322304115025
125 11 0.3702307167875001
125 13 0.40409967030602423
125 14 0.08841916380174981
125 15 0.40390843041375046
125 16 0.4180942168577907
125 17 0.3467120596385622
125 18 0.42350091548556834
125 19 0.07457998009238227
125 21 0.35180755477682557
125 23 0.1296988413991446
125 25 0.37429635714654685
125 27 0.3713852797864614
125 28 0.08073669606533973
125 32 0.3459840225167554
125 35 0.13237454363886086
125 37 0.4485341342415843
125 44 0.38509042505517577
125 45 0.15596233744438373
125 53 0.48964476320096934
125 60 0.4122567315192096
125 63 0.13854762239798607
125 65 0.381306460760048
125 67 0.4227481409730649
125 71 0.3949765983502647
125 75 0.43664360548687386
125 81 0.10962529628356724
125 84 0.12275541915048652
125 86 0.14685831325870286
125 94 0.0860001158016425
125 97 0.13158506454084432
125 114 0.18696824967214493
125 118 0.10821927356063418
125 121 0.12799958112618068
125 124 0.6688616974507405
126 2 0.13132735477630633
126 3 0.1087472936409475
126 5 0.1010982188411712
126 7 0.09118297361212192
126 8 0.14242761019120181
126 10 0.14042796944324706
126 11 0.16026271935639405
126 13 0.13703452597584181
126 14 0.11001227533260012
126 15 0.10077947220673096
126 16 0.10698577280311607
126 17 0.13112334069471593
126 18 0.13329999603145462
126 19 0.09371815655346089
126 21 0.09118297361212192
126 23 0.13603831830204177
126 25 0.11045162468120316
126 27 0.19648449241021315
126 28 0.10730774235866622
126 32 0.11605660875447807
126 35 0.1431117755376359
126 37 0.15143532285400105
126 44 0.1500547040705917
126 45 0.17416540872205352
126 53 0.1800277184663608
126 60 0.14029184340007256
126 63 0.1721214255429988
126 65 0.12973703269241615
126 67 0.1299829437719577
126 71 0.13145509427675162
126 75 0.1383296556687541
126 81 0.31390455292881386
126 84 0.12920704718274142
126 86 0.15294557702919773
126 94 0.14178831895267366
126 97 0.12489258319488312
126 114 0.15259644399078612
126 118 0.13723361374228307
126 121 0.10365652704534213
126 124 0.16650798739674266
126 125 0.1103062886948291
