0 30 28 27 9 17 22 
1 4 11 8 20 19 5 
2 4 1 19 5 10 12 
3 14 17 22 12 7 9 
4 1 19 5 10 12 7 
5 19 10 12 7 17 22 
6 0 30 28 27 9 17 
7 12 22 17 9 14 3 
8 11 4 1 19 5 10 
9 17 22 12 7 14 3 
10 5 19 0 30 28 27 
11 8 20 19 5 10 12 
12 7 17 22 9 14 3 
13 4 1 19 5 10 12 
14 3 16 0 30 28 27 
15 4 1 19 5 10 12 
16 3 14 17 22 12 7 
17 22 12 7 9 14 3 
18 30 28 27 9 17 22 
19 5 10 12 7 17 22 
20 19 5 10 12 7 17 
21 24 25 29 36 32 37 
22 12 7 17 9 14 3 
23 33 38 24 21 29 25 
24 21 29 25 39 40 30 
25 24 21 29 36 32 37 
26 33 38 24 21 29 25 
27 28 30 35 0 19 5 
28 27 30 35 0 19 5 
29 21 24 25 39 40 30 
30 28 27 9 17 22 12 
31 12 7 17 22 9 14 
32 36 37 29 21 24 25 
33 38 24 21 29 25 39 
34 32 36 37 29 21 24 
35 30 28 27 9 17 22 
36 32 37 29 21 24 25 
37 36 32 34 24 21 29 
38 33 23 24 21 29 25 
39 40 24 21 29 25 36 
40 39 25 24 21 29 36 
41 31 12 7 17 22 9 
